<?xml version="1.0" standalone="no"?>
<!DOCTYPE svg PUBLIC "-//W3C//DTD SVG 20010904//EN"
 "http://www.w3.org/TR/2001/REC-SVG-20010904/DTD/svg10.dtd">
<svg version="1.0" xmlns="http://www.w3.org/2000/svg"
 width="450.000000pt" height="318.000000pt" viewBox="0 0 450.000000 318.000000"
 preserveAspectRatio="xMidYMid meet">
<metadata>
Created by potrace 1.16, written by Peter Selinger 2001-2019
</metadata>
<g transform="translate(0.000000,318.000000) scale(0.100000,-0.100000)"
fill="#000000" stroke="none">
<path d="M2153 2700 c-54 -11 -106 -36 -129 -61 -14 -16 -31 -19 -95 -19 -88
0 -109 -12 -109 -61 0 -26 -2 -28 -19 -19 -11 5 -27 18 -37 27 -15 16 -41 18
-187 21 -94 2 -181 1 -194 -3 -14 -3 -28 -17 -34 -33 -8 -22 -28 -36 -107 -71
-53 -25 -108 -55 -123 -68 l-25 -23 -296 0 -296 0 -31 -35 c-17 -20 -31 -44
-31 -55 0 -11 14 -35 31 -55 l31 -35 299 0 c266 0 300 -2 306 -16 3 -9 57 -40
119 -69 63 -30 114 -59 114 -64 0 -6 9 -20 20 -31 19 -19 33 -20 198 -20 l178
0 42 31 42 31 0 -27 c0 -55 14 -65 95 -65 l74 0 28 -42 c16 -24 41 -49 55 -56
35 -17 144 -29 378 -42 107 -6 200 -13 206 -15 16 -5 36 -124 28 -166 -4 -19
-18 -55 -30 -81 -29 -58 -30 -72 -4 -98 18 -18 33 -20 174 -20 l154 0 16 -70
c47 -203 44 -258 -18 -347 l-33 -48 -136 -5 c-133 -5 -137 -6 -164 -33 l-28
-27 -3 -178 c-2 -111 1 -191 8 -214 20 -70 4 -68 614 -68 323 0 555 4 570 10
48 18 56 52 56 250 0 191 -8 232 -48 244 -13 5 -23 27 -36 84 -35 150 -87 315
-145 460 -128 321 -130 359 -20 383 70 16 202 83 231 117 35 42 43 127 34 376
-8 210 -11 222 -74 259 -87 51 -85 51 -872 53 -404 1 -754 -2 -777 -6z m1437
-397 l-1 -348 -40 -19 c-104 -47 -99 -106 31 -436 72 -181 160 -476 160 -535
0 -13 -13 -15 -87 -13 l-88 3 -3 30 c-6 54 -11 55 -186 55 -178 0 -186 -3
-186 -57 l0 -33 -105 0 c-58 0 -105 3 -105 6 0 3 14 22 30 43 41 50 70 130 70
191 0 143 -135 602 -191 646 -30 25 -105 35 -394 54 -398 27 -389 25 -425 67
l-30 34 0 295 0 295 27 25 c14 13 40 28 57 33 17 5 354 10 749 10 l717 1 0
-347z m105 333 c64 -17 111 -41 119 -61 3 -9 6 -127 6 -261 0 -235 -1 -245
-21 -265 -20 -20 -168 -94 -174 -87 -1 2 -5 157 -9 346 -7 387 -15 353 79 328z
m-1677 -338 l2 -268 -75 0 -75 0 0 106 0 105 -32 -3 c-33 -3 -33 -4 -34 -57
-1 -44 -5 -58 -24 -73 -12 -10 -26 -18 -31 -18 -5 0 -9 94 -9 210 0 116 2 210
5 210 3 0 17 -7 30 -16 20 -13 25 -25 25 -58 0 -69 9 -86 41 -86 l29 0 0 103
c0 57 3 107 7 111 4 4 37 6 73 4 l65 -3 3 -267z m-298 -3 l0 -235 -160 0 -160
0 0 235 0 235 160 0 160 0 0 -235z m-340 5 c0 -99 -3 -180 -7 -180 -5 0 -54
21 -110 47 -87 40 -103 51 -103 70 0 16 -6 23 -19 23 -17 0 -61 54 -61 74 0 3
18 6 40 6 35 0 40 3 40 23 0 18 17 30 103 69 56 26 105 47 110 47 4 1 7 -80 7
-179z m1469 -473 c34 -16 63 -70 105 -201 20 -60 36 -110 36 -112 0 -2 -67 -4
-150 -4 -97 0 -150 4 -150 10 0 6 10 30 21 53 29 56 35 147 16 221 l-16 59 56
-7 c31 -4 68 -12 82 -19z m681 -942 l0 -115 -150 0 -150 0 0 115 0 115 150 0
150 0 0 -115z m-340 -43 c0 -55 4 -92 12 -100 17 -17 329 -17 346 0 8 8 12 45
12 100 l0 88 114 0 c63 0 117 -4 121 -9 12 -20 8 -372 -4 -384 -14 -14 -1031
-23 -1084 -9 l-32 8 -3 184 c-1 102 0 190 2 197 4 10 62 13 261 13 l255 0 0
-88z"/>
<path d="M3245 2008 c-57 -68 6 -156 92 -127 39 13 53 34 53 83 0 43 -37 76
-85 76 -25 0 -40 -8 -60 -32z"/>
</g>
</svg>
